   0.5910   24.4100
    4.7030   54.9800
    9.4700   89.5700
   11.6150  114.2600
   12.9700  133.6100
   15.1900  202.1400
   16.1310  250.9900
   16.8720  321.3100
   16.9660  333.4700
   17.3550  373.7900
   17.7650  422.0200
   17.8770  447.4100
   18.2910  522.4700
   18.6100  549.5300
    0.3670   20.1500
    2.1500   39.1200
    7.4220   73.4200
   12.7860  134.0300
   14.4640  179.8600
   16.0750  262.5200
   17.0030  337.2300
   17.8680  432.6800
   16.0620  253.2400
   17.1590  346.6200
   17.9790  450.1000
   18.5230  552.2200
   19.3300  656.2000
    1.4180   33.8400
    5.5560   60.4100
    9.9590   94.8800
   13.5640  147.7300
   15.4730  206.7600
   16.1140  237.1200
   17.3680  372.7200
   18.2710  495.4700
   18.6270  544.4700
    0.9430   28.9300
    3.7820   49.8700
    8.9200   85.1500
   13.4360  143.8400
   15.6510  226.8600
   16.9650  339.1500
   17.3390  393.3200
   18.5660  524.7000
   19.1000  623.8600
    2.2040   39.2200
   10.0400   96.4400
   13.9220  156.9200
   15.6390  223.8800
   16.4300  271.7800
   17.1650  349.5200
   17.8480  429.6600
   18.5190  523.0300
   19.2800  622.0500
   19.8900  748.2900
   19.3240  646.8900
   20.0650  749.2700
   20.7430  851.3700
   20.9300  851.6100